M-05｜訂單與庫存

來源：內勤_實作練習.xlsx／模擬訂單與庫存
教學用虛構資料｜非真實數據、非真實通報案件
第 1 列是教材標示，第 2 列是欄名，資料從第 3 列開始；以下「列號」保留 Excel 原列號。
列號,月份,SKU,訂單量,出貨量,缺貨量,月底庫存,庫存週數,備註
3,2025-10,X-S160,5800,5800,0,8100,6,
4,2025-10,X-G120,3100,3100,0,4400,6.1,
5,2025-10,Y-C60,3600,3600,0,5000,6,
6,2025-11,X-S160,6300,6260,40,8600,5.9,雙11電商檔期
7,2025-11,X-G120,3300,3300,0,4700,6.1,
8,2025-11,Y-C60,3900,3880,20,5300,5.8,
9,2025-12,X-S160,6100,6100,0,8300,5.9,
10,2025-12,X-G120,3000,2980,20,4300,6.2,
11,2025-12,Y-C60,3700,3700,0,5200,6,
12,2026-01,X-S160,5700,5700,0,8000,6,
13,2026-01,X-G120,2900,2900,0,4100,6.1,
14,2026-01,Y-C60,4300,4520,0,5600,5.6,
15,2026-02,X-S160,5200,5200,0,7700,6.4,
16,2026-02,X-G120,3200,3200,0,4500,6,
17,2026-02,Y-C60,3500,3500,0,4900,6,
18,2026-03,X-S160,5900,5900,0,8200,6,
19,2026-03,X-G120,64,64,0,90,6,本列數量單位：箱
20,2026-03,Y-C60,3650,3650,0,5100,6,
21,2026-04,X-S160,5600,5600,0,7900,6.1,
22,2026-04,X-G120,3150,3150,0,4500,6.1,
23,2026-04,Y-C60,3550,3550,0,5000,6.1,
24,2026-05,X-S160,6000,5970,30,8400,6,
25,2026-05,X-G120,3050,3050,0,4300,6.1,
26,2026-05,Y-C60,3700,3700,0,5200,6,
27,2026-06,X-S160,5800,5800,0,8100,6,
28,2026-06,X-G120,3250,3230,20,4600,6.1,
29,2026-06,Y-C60,3450,3450,0,4800,6,
30,2026-07,X-S160,6700,6650,50,7000,4.5,
31,2026-07,X-G120,3100,3100,0,4400,6.1,
32,2026-07,Y-C60,3600,3570,30,5000,6,
33,2026-08,X-S160,7800,7600,200,4600,2.5,
34,2026-08,X-G120,3300,3300,0,4700,6.1,
35,2026-08,Y-C60,3500,3500,0,4900,6,
36,2026-09,X-S160,9200,8500,700,3500,1.6,電商戊99檔期
37,2026-09,X-G120,3150,3150,0,4500,6.1,
38,2026-09,Y-C60,3750,3750,0,5200,6,
